# unix_time, cycles_done, cur_path, paths_total, pending_total, pending_favs, map_size, unique_crashes, unique_hangs, max_depth, execs_per_sec
1592702516, 0, 0, 1, 1, 1, 0.01%, 0, 0, 1, 833.33
1592702521, 4, 0, 1, 0, 0, 0.01%, 0, 0, 1, 3588.40
1592702526, 7, 0, 1, 0, 0, 0.01%, 0, 0, 1, 3243.76
1592702531, 10, 0, 1, 0, 0, 0.01%, 0, 1, 1, 2649.70
1592702536, 12, 0, 1, 0, 0, 0.01%, 0, 1, 1, 2554.80
1592702541, 15, 0, 1, 0, 0, 0.01%, 0, 1, 1, 3039.63
1592702546, 19, 0, 1, 0, 0, 0.01%, 0, 1, 1, 3024.91
1592702552, 21, 0, 1, 0, 0, 0.01%, 0, 1, 1, 2610.54
1592702557, 24, 0, 1, 0, 0, 0.01%, 0, 1, 1, 2565.12
1592702562, 26, 0, 1, 0, 0, 0.01%, 0, 1, 1, 2532.86
1592702567, 30, 0, 1, 0, 0, 0.01%, 0, 1, 1, 3594.21
1592702572, 34, 0, 1, 0, 0, 0.01%, 0, 1, 1, 3601.69
1592702577, 38, 0, 1, 0, 0, 0.01%, 0, 1, 1, 4107.43
1592702582, 42, 0, 1, 0, 0, 0.01%, 0, 1, 1, 4194.65
1592702587, 47, 0, 1, 0, 0, 0.01%, 0, 1, 1, 4225.93
1592702592, 51, 0, 1, 0, 0, 0.01%, 0, 1, 1, 4218.80
1592702598, 56, 0, 1, 0, 0, 0.01%, 0, 1, 1, 4202.32
1592702603, 60, 0, 1, 0, 0, 0.01%, 0, 1, 1, 4207.84
1592702608, 64, 0, 1, 0, 0, 0.01%, 0, 1, 1, 4245.02
1592702613, 68, 0, 1, 0, 0, 0.01%, 0, 1, 1, 4217.28
1592702618, 73, 0, 1, 0, 0, 0.01%, 0, 1, 1, 4224.27
1592702623, 77, 0, 1, 0, 0, 0.01%, 0, 1, 1, 4209.22
1592702628, 82, 0, 1, 0, 0, 0.01%, 0, 1, 1, 4229.31
1592702634, 86, 0, 1, 0, 0, 0.01%, 0, 1, 1, 4213.01
1592702639, 90, 0, 1, 0, 0, 0.01%, 0, 1, 1, 4240.96
1592702644, 94, 0, 1, 0, 0, 0.01%, 0, 1, 1, 4204.61
1592702649, 99, 0, 1, 0, 0, 0.01%, 0, 1, 1, 4254.09
1592702654, 103, 0, 1, 0, 0, 0.01%, 0, 1, 1, 4250.21
1592702659, 107, 0, 1, 0, 0, 0.01%, 0, 1, 1, 4251.25
1592702664, 112, 0, 1, 0, 0, 0.01%, 0, 1, 1, 4250.48
1592702669, 116, 0, 1, 0, 0, 0.01%, 0, 1, 1, 4241.82
1592702674, 120, 0, 1, 0, 0, 0.01%, 0, 1, 1, 4227.91
1592702679, 125, 0, 1, 0, 0, 0.01%, 0, 1, 1, 4239.84
1592702685, 129, 0, 1, 0, 0, 0.01%, 0, 1, 1, 4230.78
1592702690, 133, 0, 1, 0, 0, 0.01%, 0, 1, 1, 4197.43
1592702695, 138, 0, 1, 0, 0, 0.01%, 0, 1, 1, 4227.36
1592702700, 142, 0, 1, 0, 0, 0.01%, 0, 1, 1, 4173.91
1592702705, 147, 0, 1, 0, 0, 0.01%, 0, 1, 1, 4240.22
1592702710, 151, 0, 1, 0, 0, 0.01%, 0, 1, 1, 4249.02
1592702716, 155, 0, 1, 0, 0, 0.01%, 0, 1, 1, 4253.75
1592702721, 160, 0, 1, 0, 0, 0.01%, 0, 1, 1, 4229.95
1592702726, 164, 0, 1, 0, 0, 0.01%, 0, 1, 1, 4249.28
1592702731, 168, 0, 1, 0, 0, 0.01%, 0, 1, 1, 3501.85
1592702736, 170, 0, 1, 0, 0, 0.01%, 0, 1, 1, 3098.60
1592702741, 175, 0, 1, 0, 0, 0.01%, 0, 1, 1, 3992.74
1592702746, 179, 0, 1, 0, 0, 0.01%, 0, 1, 1, 4192.28
1592702751, 183, 0, 1, 0, 0, 0.01%, 0, 1, 1, 4213.22
1592702756, 188, 0, 1, 0, 0, 0.01%, 0, 1, 1, 4239.95
1592702762, 192, 0, 1, 0, 0, 0.01%, 0, 1, 1, 4205.55
1592702767, 197, 0, 1, 0, 0, 0.01%, 0, 1, 1, 4220.49
1592702772, 201, 0, 1, 0, 0, 0.01%, 0, 1, 1, 4247.35
1592702777, 205, 0, 1, 0, 0, 0.01%, 0, 1, 1, 4237.62
1592702782, 210, 0, 1, 0, 0, 0.01%, 0, 1, 1, 4212.15
1592702787, 214, 0, 1, 0, 0, 0.01%, 0, 1, 1, 4251.19
1592702792, 218, 0, 1, 0, 0, 0.01%, 0, 1, 1, 4228.26
1592702798, 223, 0, 1, 0, 0, 0.01%, 0, 1, 1, 4251.26
1592702803, 227, 0, 1, 0, 0, 0.01%, 0, 1, 1, 4227.31
1592702808, 231, 0, 1, 0, 0, 0.01%, 0, 1, 1, 4164.14
1592702813, 236, 0, 1, 0, 0, 0.01%, 0, 1, 1, 4224.57
1592702818, 240, 0, 1, 0, 0, 0.01%, 0, 1, 1, 4242.47
1592702823, 244, 0, 1, 0, 0, 0.01%, 0, 1, 1, 4230.82
1592702828, 249, 0, 1, 0, 0, 0.01%, 0, 1, 1, 4240.38
1592702834, 253, 0, 1, 0, 0, 0.01%, 0, 1, 1, 4202.80
1592702839, 257, 0, 1, 0, 0, 0.01%, 0, 1, 1, 4245.02
1592702844, 261, 0, 1, 0, 0, 0.01%, 0, 1, 1, 4027.92
1592702849, 265, 0, 1, 0, 0, 0.01%, 0, 1, 1, 3710.00
1592702854, 269, 0, 1, 0, 0, 0.01%, 0, 1, 1, 3839.86
1592702859, 273, 0, 1, 0, 0, 0.01%, 0, 1, 1, 4159.08
1592702864, 278, 0, 1, 0, 0, 0.01%, 0, 1, 1, 4212.56
1592702869, 282, 0, 1, 0, 0, 0.01%, 0, 1, 1, 3760.75
1592702874, 284, 0, 1, 0, 0, 0.01%, 0, 1, 1, 2878.06
1592702879, 287, 0, 1, 0, 0, 0.01%, 0, 1, 1, 2690.28
1592702884, 289, 0, 1, 0, 0, 0.01%, 0, 1, 1, 2645.49
1592702889, 292, 0, 1, 0, 0, 0.01%, 0, 1, 1, 2657.24
1592702895, 295, 0, 1, 0, 0, 0.01%, 0, 1, 1, 2643.44
1592702900, 298, 0, 1, 0, 0, 0.01%, 0, 1, 1, 2646.76
1592702905, 300, 0, 1, 0, 0, 0.01%, 0, 1, 1, 2650.41
1592702910, 303, 0, 1, 0, 0, 0.01%, 0, 1, 1, 2630.40
1592702915, 306, 0, 1, 0, 0, 0.01%, 0, 1, 1, 2637.38
1592702920, 308, 0, 1, 0, 0, 0.01%, 0, 2, 1, 2579.73
1592702925, 311, 0, 1, 0, 0, 0.01%, 0, 2, 1, 2622.03
1592702930, 313, 0, 1, 0, 0, 0.01%, 0, 2, 1, 2643.21
1592702935, 316, 0, 1, 0, 0, 0.01%, 0, 2, 1, 2922.92
1592702940, 321, 0, 1, 0, 0, 0.01%, 0, 2, 1, 4136.93
1592702945, 326, 0, 1, 0, 0, 0.01%, 0, 2, 1, 4461.83
1592702950, 330, 0, 1, 0, 0, 0.01%, 0, 2, 1, 4598.56
1592702956, 335, 0, 1, 0, 0, 0.01%, 0, 2, 1, 4635.43
1592702961, 340, 0, 1, 0, 0, 0.01%, 0, 2, 1, 4526.44
1592702966, 344, 0, 1, 0, 0, 0.01%, 0, 2, 1, 4501.60
1592702971, 349, 0, 1, 0, 0, 0.01%, 0, 2, 1, 4511.24
1592702976, 353, 0, 1, 0, 0, 0.01%, 0, 2, 1, 4573.80
1592702981, 358, 0, 1, 0, 0, 0.01%, 0, 2, 1, 4634.35
1592702986, 363, 0, 1, 0, 0, 0.01%, 0, 2, 1, 4587.02
1592702991, 367, 0, 1, 0, 0, 0.01%, 0, 2, 1, 4566.62
1592702996, 370, 0, 1, 0, 0, 0.01%, 0, 2, 1, 3201.99
1592703001, 373, 0, 1, 0, 0, 0.01%, 0, 2, 1, 3153.66
1592703006, 377, 0, 1, 0, 0, 0.01%, 0, 2, 1, 3935.25
1592703011, 382, 0, 1, 0, 0, 0.01%, 0, 2, 1, 4451.61
1592703016, 387, 0, 1, 0, 0, 0.01%, 0, 2, 1, 4538.20
1592703021, 391, 0, 1, 0, 0, 0.01%, 0, 2, 1, 4056.95
1592703026, 395, 0, 1, 0, 0, 0.01%, 0, 2, 1, 3885.07
1592703031, 399, 0, 1, 0, 0, 0.01%, 0, 2, 1, 4144.58
1592703036, 403, 0, 1, 0, 0, 0.01%, 0, 2, 1, 4487.44
1592703041, 408, 0, 1, 0, 0, 0.01%, 0, 2, 1, 4581.11
1592703046, 413, 0, 1, 0, 0, 0.01%, 0, 2, 1, 4577.72
1592703052, 417, 0, 1, 0, 0, 0.01%, 0, 2, 1, 4573.80
1592703057, 422, 0, 1, 0, 0, 0.01%, 0, 2, 1, 4518.43
1592703062, 426, 0, 1, 0, 0, 0.01%, 0, 2, 1, 4400.18
1592703067, 431, 0, 1, 0, 0, 0.01%, 0, 2, 1, 4202.08
1592703072, 435, 0, 1, 0, 0, 0.01%, 0, 2, 1, 4245.15
1592703077, 439, 0, 1, 0, 0, 0.01%, 0, 2, 1, 4300.56
1592703082, 444, 0, 1, 0, 0, 0.01%, 0, 2, 1, 4531.56
1592703087, 448, 0, 1, 0, 0, 0.01%, 0, 2, 1, 4534.13
1592703092, 453, 0, 1, 0, 0, 0.01%, 0, 2, 1, 4554.22
1592703097, 458, 0, 1, 0, 0, 0.01%, 0, 2, 1, 4614.68
1592703102, 462, 0, 1, 0, 0, 0.01%, 0, 2, 1, 4635.74
1592703107, 467, 0, 1, 0, 0, 0.01%, 0, 2, 1, 4575.65
1592703112, 472, 0, 1, 0, 0, 0.01%, 0, 2, 1, 4607.35
1592703117, 476, 0, 1, 0, 0, 0.01%, 0, 2, 1, 4524.47
1592703122, 481, 0, 1, 0, 0, 0.01%, 0, 2, 1, 4463.68
1592703127, 485, 0, 1, 0, 0, 0.01%, 0, 2, 1, 4583.70
1592703132, 490, 0, 1, 0, 0, 0.01%, 0, 2, 1, 4640.02
1592703137, 494, 0, 1, 0, 0, 0.01%, 0, 2, 1, 4586.97
1592703142, 499, 0, 1, 0, 0, 0.01%, 0, 2, 1, 4562.11
1592703148, 504, 0, 1, 0, 0, 0.01%, 0, 2, 1, 4557.45
1592703153, 508, 0, 1, 0, 0, 0.01%, 0, 2, 1, 4526.04
1592703158, 513, 0, 1, 0, 0, 0.01%, 0, 2, 1, 4586.05
1592703163, 518, 0, 1, 0, 0, 0.01%, 0, 2, 1, 4596.24
1592703168, 522, 0, 1, 0, 0, 0.01%, 0, 2, 1, 4618.96
1592703173, 527, 0, 1, 0, 0, 0.01%, 0, 2, 1, 4588.39
1592703178, 532, 0, 1, 0, 0, 0.01%, 0, 2, 1, 4627.69
1592703183, 536, 0, 1, 0, 0, 0.01%, 0, 2, 1, 4460.38
1592703188, 541, 0, 1, 0, 0, 0.01%, 0, 2, 1, 4549.67
1592703193, 545, 0, 1, 0, 0, 0.01%, 0, 2, 1, 4605.51
1592703198, 550, 0, 1, 0, 0, 0.01%, 0, 2, 1, 4600.78
1592703203, 555, 0, 1, 0, 0, 0.01%, 0, 2, 1, 4583.93
1592703208, 559, 0, 1, 0, 0, 0.01%, 0, 2, 1, 4610.17
1592703213, 564, 0, 1, 0, 0, 0.01%, 0, 2, 1, 4538.79
1592703218, 569, 0, 1, 0, 0, 0.01%, 0, 2, 1, 4595.46
1592703223, 573, 0, 1, 0, 0, 0.01%, 0, 2, 1, 4614.61
1592703228, 578, 0, 1, 0, 0, 0.01%, 0, 2, 1, 4666.94
1592703233, 582, 0, 1, 0, 0, 0.01%, 0, 2, 1, 4576.18
1592703238, 587, 0, 1, 0, 0, 0.01%, 0, 2, 1, 4614.07
1592703244, 592, 0, 1, 0, 0, 0.01%, 0, 2, 1, 4525.05
1592703249, 596, 0, 1, 0, 0, 0.01%, 0, 2, 1, 4596.72
1592703254, 601, 0, 1, 0, 0, 0.01%, 0, 2, 1, 4644.91
1592703259, 606, 0, 1, 0, 0, 0.01%, 0, 2, 1, 4604.82
1592703264, 610, 0, 1, 0, 0, 0.01%, 0, 2, 1, 4615.59
1592703269, 615, 0, 1, 0, 0, 0.01%, 0, 2, 1, 4570.04
1592703274, 620, 0, 1, 0, 0, 0.01%, 0, 2, 1, 4552.21
1592703279, 624, 0, 1, 0, 0, 0.01%, 0, 2, 1, 4622.31
1592703284, 629, 0, 1, 0, 0, 0.01%, 0, 2, 1, 4611.85
1592703289, 634, 0, 1, 0, 0, 0.01%, 0, 2, 1, 4588.45
1592703294, 638, 0, 1, 0, 0, 0.01%, 0, 2, 1, 4602.34
1592703299, 643, 0, 1, 0, 0, 0.01%, 0, 2, 1, 4573.79
1592703304, 647, 0, 1, 0, 0, 0.01%, 0, 2, 1, 4528.59
1592703309, 652, 0, 1, 0, 0, 0.01%, 0, 2, 1, 4612.25
1592703314, 657, 0, 1, 0, 0, 0.01%, 0, 2, 1, 4661.12
1592703319, 661, 0, 1, 0, 0, 0.01%, 0, 2, 1, 4602.61
1592703325, 666, 0, 1, 0, 0, 0.01%, 0, 2, 1, 4591.70
1592703330, 671, 0, 1, 0, 0, 0.01%, 0, 2, 1, 4570.24
1592703335, 675, 0, 1, 0, 0, 0.01%, 0, 2, 1, 4610.33
1592703340, 680, 0, 1, 0, 0, 0.01%, 0, 2, 1, 4644.97
1592703345, 685, 0, 1, 0, 0, 0.01%, 0, 2, 1, 4593.95
1592703350, 689, 0, 1, 0, 0, 0.01%, 0, 2, 1, 4618.58
1592703355, 694, 0, 1, 0, 0, 0.01%, 0, 2, 1, 4577.91
1592703360, 699, 0, 1, 0, 0, 0.01%, 0, 2, 1, 4459.34
1592703365, 703, 0, 1, 0, 0, 0.01%, 0, 2, 1, 4587.08
1592703370, 708, 0, 1, 0, 0, 0.01%, 0, 2, 1, 4661.00
1592703375, 713, 0, 1, 0, 0, 0.01%, 0, 2, 1, 4600.62
1592703380, 717, 0, 1, 0, 0, 0.01%, 0, 2, 1, 4616.50
1592703385, 722, 0, 1, 0, 0, 0.01%, 0, 2, 1, 4562.05
1592703390, 727, 0, 1, 0, 0, 0.01%, 0, 2, 1, 4552.79
1592703395, 731, 0, 1, 0, 0, 0.01%, 0, 2, 1, 4558.85
1592703400, 736, 0, 1, 0, 0, 0.01%, 0, 2, 1, 4640.42
1592703405, 740, 0, 1, 0, 0, 0.01%, 0, 2, 1, 4575.86
1592703411, 745, 0, 1, 0, 0, 0.01%, 0, 2, 1, 4594.76
1592703416, 750, 0, 1, 0, 0, 0.01%, 0, 2, 1, 4557.46
1592703421, 754, 0, 1, 0, 0, 0.01%, 0, 2, 1, 4431.73
1592703426, 759, 0, 1, 0, 0, 0.01%, 0, 2, 1, 4599.52
1592703431, 764, 0, 1, 0, 0, 0.01%, 0, 2, 1, 4611.29
1592703436, 768, 0, 1, 0, 0, 0.01%, 0, 2, 1, 4584.64
1592703441, 773, 0, 1, 0, 0, 0.01%, 0, 2, 1, 4571.19
1592703446, 778, 0, 1, 0, 0, 0.01%, 0, 2, 1, 4562.58
1592706203, 780, 0, 1, 0, 0, 0.01%, 0, 2, 1, 0.02
1592706208, 782, 0, 1, 0, 0, 0.01%, 0, 2, 1, 2035.06
1592706213, 785, 0, 1, 0, 0, 0.01%, 0, 2, 1, 2780.56
1592706218, 787, 0, 1, 0, 0, 0.01%, 0, 2, 1, 2369.28
1592706224, 791, 0, 1, 0, 0, 0.01%, 0, 2, 1, 3605.14
1592706229, 795, 0, 1, 0, 0, 0.01%, 0, 2, 1, 4081.73
1592706234, 800, 0, 1, 0, 0, 0.01%, 0, 2, 1, 4219.09
1592706239, 804, 0, 1, 0, 0, 0.01%, 0, 2, 1, 4241.67
1592706244, 808, 0, 1, 0, 0, 0.01%, 0, 2, 1, 4270.59
1592706249, 813, 0, 1, 0, 0, 0.01%, 0, 2, 1, 4243.84
1592706254, 817, 0, 1, 0, 0, 0.01%, 0, 2, 1, 4280.65
1592706259, 821, 0, 1, 0, 0, 0.01%, 0, 2, 1, 4258.80
1592706264, 826, 0, 1, 0, 0, 0.01%, 0, 2, 1, 4198.87
1592706269, 830, 0, 1, 0, 0, 0.01%, 0, 2, 1, 4259.17
1592706274, 834, 0, 1, 0, 0, 0.01%, 0, 2, 1, 4251.51
1592706280, 838, 0, 1, 0, 0, 0.01%, 0, 2, 1, 4185.43
1592706285, 843, 0, 1, 0, 0, 0.01%, 0, 2, 1, 4252.73
1592706290, 847, 0, 1, 0, 0, 0.01%, 0, 2, 1, 4253.17
1592706295, 852, 0, 1, 0, 0, 0.01%, 0, 2, 1, 4256.27
1592706300, 856, 0, 1, 0, 0, 0.01%, 0, 2, 1, 4211.83
1592706305, 860, 0, 1, 0, 0, 0.01%, 0, 2, 1, 4251.07
1592706310, 865, 0, 1, 0, 0, 0.01%, 0, 2, 1, 4264.01
1592706315, 869, 0, 1, 0, 0, 0.01%, 0, 2, 1, 4292.01
1592706321, 873, 0, 1, 0, 0, 0.01%, 0, 2, 1, 4309.46
1592706326, 878, 0, 1, 0, 0, 0.01%, 0, 2, 1, 4275.83
1592706331, 882, 0, 1, 0, 0, 0.01%, 0, 2, 1, 4123.00
1592706336, 886, 0, 1, 0, 0, 0.01%, 0, 2, 1, 4271.94
1592706341, 891, 0, 1, 0, 0, 0.01%, 0, 2, 1, 4239.68
1592706346, 895, 0, 1, 0, 0, 0.01%, 0, 2, 1, 4247.83
1592706351, 899, 0, 1, 0, 0, 0.01%, 0, 2, 1, 4269.87
1592706356, 904, 0, 1, 0, 0, 0.01%, 0, 2, 1, 4272.35
1592706362, 908, 0, 1, 0, 0, 0.01%, 0, 2, 1, 4240.60
1592706367, 913, 0, 1, 0, 0, 0.01%, 0, 2, 1, 4302.29
1592706372, 917, 0, 1, 0, 0, 0.01%, 0, 2, 1, 4234.27
1592706377, 921, 0, 1, 0, 0, 0.01%, 0, 2, 1, 4287.00
1592706382, 926, 0, 1, 0, 0, 0.01%, 0, 2, 1, 4270.80
1592706387, 930, 0, 1, 0, 0, 0.01%, 0, 2, 1, 4263.56
1592706392, 934, 0, 1, 0, 0, 0.01%, 0, 2, 1, 4293.22
1592706397, 939, 0, 1, 0, 0, 0.01%, 0, 2, 1, 4277.43
1592706402, 943, 0, 1, 0, 0, 0.01%, 0, 2, 1, 4287.72
1592706407, 947, 0, 1, 0, 0, 0.01%, 0, 2, 1, 4292.15
1592706412, 952, 0, 1, 0, 0, 0.01%, 0, 2, 1, 4274.13
1592706418, 956, 0, 1, 0, 0, 0.01%, 0, 2, 1, 4303.49
1592706423, 960, 0, 1, 0, 0, 0.01%, 0, 2, 1, 4284.62
1592706428, 965, 0, 1, 0, 0, 0.01%, 0, 2, 1, 4281.76
1592706433, 969, 0, 1, 0, 0, 0.01%, 0, 2, 1, 4266.74
1592706438, 974, 0, 1, 0, 0, 0.01%, 0, 2, 1, 4299.26
1592706443, 978, 0, 1, 0, 0, 0.01%, 0, 2, 1, 4281.35
1592706448, 983, 0, 1, 0, 0, 0.01%, 0, 2, 1, 4310.43
1592706453, 987, 0, 1, 0, 0, 0.01%, 0, 2, 1, 4281.99
1592706459, 991, 0, 1, 0, 0, 0.01%, 0, 2, 1, 4199.45
1592706464, 996, 0, 1, 0, 0, 0.01%, 0, 2, 1, 4268.97
1592706469, 1000, 0, 1, 0, 0, 0.01%, 0, 2, 1, 4291.53
1592706474, 1004, 0, 1, 0, 0, 0.01%, 0, 2, 1, 4293.98
1592706479, 1009, 0, 1, 0, 0, 0.01%, 0, 2, 1, 4298.91
1592706484, 1013, 0, 1, 0, 0, 0.01%, 0, 2, 1, 4273.03
1592706489, 1018, 0, 1, 0, 0, 0.01%, 0, 2, 1, 4300.48
1592706494, 1022, 0, 1, 0, 0, 0.01%, 0, 2, 1, 4303.69
1592706500, 1026, 0, 1, 0, 0, 0.01%, 0, 2, 1, 4283.35
1592706505, 1031, 0, 1, 0, 0, 0.01%, 0, 2, 1, 4281.78
1592706510, 1035, 0, 1, 0, 0, 0.01%, 0, 2, 1, 4113.91
1592706515, 1038, 0, 1, 0, 0, 0.01%, 0, 2, 1, 2955.04
1592706520, 1041, 0, 1, 0, 0, 0.01%, 0, 2, 1, 2727.39
1592706525, 1043, 0, 1, 0, 0, 0.01%, 0, 3, 1, 2253.60
1592706530, 1045, 0, 1, 0, 0, 0.01%, 0, 3, 1, 1888.91
1592706535, 1047, 0, 1, 0, 0, 0.01%, 0, 3, 1, 2277.94
1592706540, 1050, 0, 1, 0, 0, 0.01%, 0, 3, 1, 2554.88
1592706546, 1053, 0, 1, 0, 0, 0.01%, 0, 3, 1, 3432.21
1592706551, 1057, 0, 1, 0, 0, 0.01%, 0, 3, 1, 3971.40
1592706556, 1062, 0, 1, 0, 0, 0.01%, 0, 3, 1, 4132.01
